9 0.6335495283018868 1 0.6356132075471698 0.9979166666666667 0.6238207547169812 0.9625 0.6096698113207547 0.9208333333333333 0.6002358490566038 0.9166666666666666 0.5797724752358491 0.9546568625 0.5400943396226415 0.9916666666666667 0.5396655235849057 1 0.6335495283018868 1
3 0.7063679245283019 0.6020833333333333 0.6780660377358491 0.6375 0.6969339622641509 0.6875 0.7087264150943396 0.70625 0.7205188679245284 0.6979166666666666 0.7441037735849056 0.6645833333333333 0.7382075471698113 0.6395833333333333 0.7299528301886793 0.6291666666666667 0.7216981132075472 0.6041666666666666 0.7063679245283019 0.6020833333333333
7 0.5389150943396226 0.4 0.5330188679245284 0.375 0.5153301886792453 0.3416666666666667 0.5082547169811321 0.3416666666666667 0.47287735849056606 0.4 0.46226415094339623 0.4166666666666667 0.45047169811320753 0.4479166666666667 0.47641509433962265 0.4979166666666667 0.482311320754717 0.4979166666666667 0.4988207547169811 0.46458333333333335 0.5330188679245284 0.41458333333333336 0.5389150943396226 0.4
8 0.4115566037735849 0.6729166666666667 0.4186320754716981 0.6 0.4233490566037736 0.55625 0.38325471698113206 0.55 0.37735849056603776 0.5666666666666667 0.3738207547169811 0.6 0.3738207547169811 0.6270833333333333 0.36674528301886794 0.675 0.36910377358490565 0.6979166666666666 0.38325471698113206 0.6979166666666666 0.3903301886792453 0.70625 0.4091981132075472 0.7041666666666667 0.4115566037735849 0.6729166666666667
5 0.6391509433962265 0.50625 0.6533018867924528 0.4979166666666667 0.6768867924528302 0.4895833333333333 0.6657880129716982 0.41299019583333335 0.6391509433962265 0.42291666666666666 0.6214622641509434 0.43125 0.6037735849056604 0.44166666666666665 0.5884433962264151 0.45 0.5813679245283019 0.4583333333333333 0.5884433962264151 0.5229166666666667 0.5931603773584906 0.53125 0.6061320754716981 0.5229166666666667 0.6202830188679245 0.5145833333333333 0.6391509433962265 0.50625
7 0.5648584905660378 0.9479166666666666 0.5825471698113207 0.95625 0.5884433962264151 0.9333333333333333 0.5955188679245284 0.9229166666666667 0.5919811320754716 0.9 0.5318396226415094 0.80625 0.5176886792452831 0.8083333333333333 0.5082547169811321 0.8333333333333334 0.5082547169811321 0.8604166666666667 0.5141509433962265 0.8729166666666667 0.5235849056603774 0.875 0.5294811320754716 0.8958333333333334 0.5400943396226415 0.9020833333333333 0.5495283018867925 0.9229166666666667 0.5589622641509434 0.9291666666666667 0.5648584905660378 0.9479166666666666
6 0.5354467264150944 0.6003676479166666 0.4788429528301887 0.6107843145833333 0.43992785849056604 0.62745098125 0.4486681462264151 0.6960784312499999 0.4599750283018868 0.69620098125 0.5212957830188679 0.68370098125 0.5319089905660378 0.68370098125 0.5354467264150944 0.67745098125 0.5360710318396227 0.6642156854166666 0.5354467264150944 0.6441176479166667 0.5354467264150944 0.6003676479166666
7 0.4080188679245283 0.5 0.4080188679245283 0.425 0.4044811320754717 0.42291666666666666 0.32075471698113206 0.4166666666666667 0.31957547169811323 0.4895833333333333 0.3408018867924528 0.4979166666666667 0.4080188679245283 0.5
9 0.49514428419811324 0.8431372541666666 0.49410377358490565 0.8145833333333333 0.48265815801886797 0.7757352937499999 0.4516509433962264 0.7916666666666666 0.4091981132075472 0.825 0.40212264150943394 0.8416666666666667 0.4056603773584906 0.88125 0.4091981132075472 0.8895833333333333 0.4186320754716981 0.8895833333333333 0.45047169811320753 0.8729166666666667 0.46462264150943394 0.8645833333333334 0.49514428419811324 0.8431372541666666
2 0.5471698113207547 0.6166666666666667 0.5507075471698113 0.6375 0.5601415094339622 0.6520833333333333 0.5742924528301887 0.6645833333333333 0.5966981132075472 0.6208333333333333 0.5955188679245284 0.5979166666666667 0.577691454009434 0.5784313729166667 0.5648584905660378 0.58125 0.5471698113207547 0.6166666666666667
4 0.5707547169811321 0.7083333333333334 0.5566037735849056 0.7416666666666667 0.5507075471698113 0.76875 0.5566037735849056 0.78125 0.5884433962264151 0.8083333333333333 0.6061320754716981 0.7583333333333333 0.5966981132075472 0.73125 0.5825471698113207 0.7083333333333334 0.5707547169811321 0.7083333333333334
0 0.5495283018867925 0.6666666666666666 0.5330188679245284 0.6645833333333333 0.5318396226415094 0.675 0.5188679245283019 0.68125 0.5117924528301887 0.7166666666666667 0.5436320754716981 0.7645833333333333 0.5507075471698113 0.7625 0.5577830188679245 0.7354166666666667 0.5707547169811321 0.7125 0.5683962264150944 0.6916666666666667 0.5495283018867925 0.6666666666666666
0 0.6698113207547169 0.8583333333333333 0.660377358490566 0.8833333333333333 0.6627358490566038 0.9083333333333333 0.6745283018867925 0.93125 0.6816037735849056 0.93125 0.6957547169811321 0.95625 0.7122641509433962 0.94375 0.7212819091981132 0.9166666666666666 0.6804245283018868 0.8583333333333333 0.6698113207547169 0.8583333333333333
1 0.652122641509434 0.7083333333333334 0.6344339622641509 0.7166666666666667 0.6143867924528302 0.7291666666666666 0.6132075471698113 0.7395833333333334 0.6179245283018868 0.7583333333333333 0.6344339622641509 0.80625 0.6698113207547169 0.78125 0.6698113207547169 0.7583333333333333 0.6591981132075472 0.725 0.652122641509434 0.7083333333333334
8 0.4472807995283019 0.7022058833333333 0.43965038797169814 0.64460784375 0.3772197558962264 0.7671568625 0.40912874528301885 0.8210784312499999 0.4701720306603773 0.7009803916666667 0.46670366273584907 0.6960784312499999 0.4472807995283019 0.7022058833333333
3 0.588790233490566 0.6311274499999999 0.562237945754717 0.7013888895833333 0.6005826863207547 0.7377450979166666 0.6251310271226416 0.67476851875 0.588790233490566 0.6311274499999999