7 0.5318396226415094 0.9020833333333333 0.5601415094339622 0.9583333333333334 0.5707547169811321 0.9666666666666667 0.6037735849056604 0.9104166666666667 0.6025943396226415 0.8875 0.5459905660377359 0.775 0.5344989492924528 0.7556862770833334 0.5 0.80625 0.5 0.8375 0.5176886792452831 0.875 0.5318396226415094 0.9020833333333333
0 0.47523584905660377 0.65625 0.47641509433962265 0.63125 0.44339622641509435 0.59375 0.43278301886792453 0.59375 0.41391509433962265 0.64375 0.41391509433962265 0.675 0.44457547169811323 0.7104166666666667 0.4540094339622642 0.7104166666666667 0.47523584905660377 0.65625
8 0.4893867924528302 0.2916666666666667 0.5707547169811321 0.24375 0.5695754716981132 0.2 0.5601415094339622 0.15 0.5471698113207547 0.15 0.4716981132075472 0.19166666666666668 0.4658018867924528 0.2 0.4658018867924528 0.23541666666666666 0.47641509433962265 0.2916666666666667 0.4893867924528302 0.2916666666666667
3 0.35141509433962265 0.75625 0.3891509433962264 0.7041666666666667 0.3903301886792453 0.6854166666666667 0.36674528301886794 0.63125 0.3490566037735849 0.6354166666666666 0.31957547169811323 0.6791666666666667 0.31957547169811323 0.7020833333333333 0.3443396226415094 0.7541666666666667 0.35141509433962265 0.75625
1 0.7429245283018868 0.6729166666666667 0.777122641509434 0.6541666666666667 0.7676886792452831 0.5666666666666667 0.75 0.5666666666666667 0.7311320754716981 0.5729166666666666 0.7051261108490566 0.5889343770833333 0.7122641509433962 0.63125 0.7205188679245284 0.6666666666666666 0.7264150943396226 0.6729166666666667 0.7429245283018868 0.6729166666666667
3 0.7122641509433962 0.3854166666666667 0.7275943396226415 0.425 0.7382075471698113 0.42291666666666666 0.7818396226415094 0.3854166666666667 0.7818396226415094 0.3625 0.7629716981132075 0.30416666666666664 0.7511792452830188 0.30416666666666664 0.7275943396226415 0.325 0.7075471698113207 0.34791666666666665 0.7075471698113207 0.37083333333333335 0.7122641509433962 0.375 0.7122641509433962 0.3854166666666667
0 0.6827830188679245 0.5 0.6851415094339622 0.46875 0.6497641509433962 0.4375 0.6356132075471698 0.4375 0.6261792452830188 0.47291666666666665 0.6226415094339622 0.4875 0.6129345931603775 0.5236231833333334 0.6650943396226415 0.5541666666666667 0.6733490566037735 0.5375 0.6827830188679245 0.5
2 0.4882075471698113 0.5291666666666667 0.5176886792452831 0.5166666666666667 0.5176886792452831 0.4375 0.5141509433962265 0.43125 0.4716981132075472 0.4375 0.4669811320754717 0.44166666666666665 0.4669811320754717 0.5166666666666667 0.4716981132075472 0.5291666666666667 0.4882075471698113 0.5291666666666667
2 0.6591981132075472 0.3375 0.6591981132075472 0.25625 0.6084905660377359 0.25625 0.6049528301886793 0.26666666666666666 0.6049528301886793 0.34791666666666665 0.6556603773584906 0.34791666666666665 0.6591981132075472 0.3375
4 0.6768867924528302 0.79375 0.6969339622641509 0.7291666666666666 0.6969339622641509 0.7125 0.660377358490566 0.6791666666666667 0.6415094339622641 0.6791666666666667 0.6367924528301887 0.6875 0.6261792452830188 0.725 0.6273584905660378 0.7541666666666667 0.6650943396226415 0.7916666666666666 0.6768867924528302 0.79375
4 0.407904641509434 0.4541432041666667 0.4173402794811321 0.3693775958333333 0.39740566037735847 0.3625 0.3584905660377358 0.35208333333333336 0.3584905660377358 0.375 0.35377358490566035 0.4354166666666667 0.3856132075471698 0.4479166666666667 0.407904641509434 0.4541432041666667
1 0.5318396226415094 0.6520833333333333 0.5495283018867925 0.6541666666666667 0.5869868455188679 0.6403495729166667 0.5778301886792453 0.5541666666666667 0.5471698113207547 0.5541666666666667 0.5400943396226415 0.5625 0.5283018867924528 0.5625 0.5283018867924528 0.6354166666666666 0.5318396226415094 0.6520833333333333