9 0.5176886792452831 0.78125 0.49764150943396224 0.81875 0.49410377358490565 0.8458333333333333 0.5638179799528301 0.9730392166666667 0.5754716981132075 0.95 0.5991953384433962 0.9117647062500001 0.5825471698113207 0.8791666666666667 0.5471698113207547 0.80625 0.5330188679245284 0.78125 0.5176886792452831 0.78125
5 0.4233490566037736 0.46041666666666664 0.4009433962264151 0.4125 0.39858490566037735 0.39791666666666664 0.3903301886792453 0.39166666666666666 0.3561320754716981 0.43333333333333335 0.35495283018867924 0.4479166666666667 0.38325471698113206 0.5145833333333333 0.39858490566037735 0.5625 0.4115566037735849 0.5833333333333334 0.44339622641509435 0.5479166666666667 0.4481132075471698 0.53125 0.4233490566037736 0.47291666666666665 0.4233490566037736 0.46041666666666664
4 0.7169811320754716 0.5145833333333333 0.7087264150943396 0.5083333333333333 0.6886792452830188 0.5083333333333333 0.6745283018867925 0.5625 0.6757075471698113 0.5854166666666667 0.7122641509433962 0.6145833333333334 0.7264150943396226 0.6145833333333334 0.7405660377358491 0.5645833333333333 0.7417452830188679 0.5416666666666666 0.7275943396226415 0.525 0.7169811320754716 0.5145833333333333
0 0.6155660377358491 0.5979166666666667 0.6037735849056604 0.5916666666666667 0.5778301886792453 0.5895833333333333 0.5648584905660378 0.6604166666666667 0.5719339622641509 0.6729166666666667 0.5849056603773585 0.68125 0.6179245283018868 0.6916666666666667 0.6238207547169812 0.64375 0.6273584905660378 0.6395833333333333 0.6285377358490566 0.6083333333333333 0.6226415094339622 0.6083333333333333 0.6155660377358491 0.5979166666666667
6 0.5754716981132075 0.8125 0.6591981132075472 0.7729166666666667 0.6674528301886793 0.7645833333333333 0.6674528301886793 0.7333333333333333 0.6568396226415094 0.68125 0.6308962264150944 0.6833333333333333 0.6143867924528302 0.6916666666666667 0.6096698113207547 0.69375 0.5943396226415094 0.7083333333333334 0.5648584905660378 0.7166666666666667 0.5601415094339622 0.725 0.5613207547169812 0.75625 0.5683962264150944 0.7958333333333333 0.5754716981132075 0.8125
8 0.45754716981132076 0.7583333333333333 0.4681603773584906 0.7541666666666667 0.49292452830188677 0.73125 0.5106132075471698 0.7145833333333333 0.5424528301886793 0.68125 0.5471698113207547 0.6666666666666666 0.5400943396226415 0.6541666666666667 0.5330188679245284 0.625 0.5117924528301887 0.61875 0.5047169811320755 0.6375 0.4893867924528302 0.6395833333333333 0.482311320754717 0.6583333333333333 0.4716981132075472 0.65625 0.46108490566037735 0.68125 0.44693396226415094 0.68125 0.44339622641509435 0.7208333333333333 0.4516509433962264 0.75 0.45754716981132076 0.7583333333333333
1 0.6285377358490566 0.36666666666666664 0.625 0.38125 0.625 0.41875 0.6839622641509434 0.42291666666666666 0.6875 0.41458333333333336 0.6875 0.36666666666666664 0.6804245283018868 0.35833333333333334 0.6356132075471698 0.35833333333333334 0.6285377358490566 0.36666666666666664
2 0.6073113207547169 0 0.5754716981132075 0.058333333333333334 0.5742924528301887 0.07083333333333333 0.6037735849056604 0.12708333333333333 0.6214622641509434 0.10625 0.6308962264150944 0.08958333333333333 0.6450471698113207 0.06458333333333334 0.6450471698113207 0.05 0.6308962264150944 0.022916666666666665 0.6179245283018868 0 0.6073113207547169 0
7 0.475721420990566 0.33946078333333335 0.49056603773584906 0.33370098125 0.5235849056603774 0.3357843145833333 0.5259433962264151 0.35245098124999996 0.5330188679245284 0.35453431458333334 0.5707547169811321 0.3170343145833333 0.5648584905660378 0.27953431458333333 0.5542452830188679 0.2566176479166667 0.5530660377358491 0.24411764791666668 0.5400943396226415 0.24411764791666668 0.5165094339622641 0.2670343145833333 0.49764150943396224 0.2857843145833333 0.47287735849056606 0.30870098125 0.4658018867924528 0.31911764791666664 0.4658018867924528 0.33370098125 0.47364039976415095 0.35661764791666667 0.475721420990566 0.33946078333333335
6 0.4693396226415094 0.5145833333333333 0.47995283018867924 0.5145833333333333 0.5070754716981132 0.5145833333333333 0.5212264150943396 0.5145833333333333 0.5247641509433962 0.46458333333333335 0.5247641509433962 0.3333333333333333 0.47502774646226414 0.33455882291666666 0.4693396226415094 0.5145833333333333
3 0.6415094339622641 0.48333333333333334 0.6285377358490566 0.48125 0.6238207547169812 0.46458333333333335 0.6061320754716981 0.46458333333333335 0.5931603773584906 0.48541666666666666 0.5884433962264151 0.51875 0.625 0.55625 0.6391509433962265 0.55625 0.652122641509434 0.51875 0.6485849056603774 0.49166666666666664 0.6415094339622641 0.48333333333333334
3 0.5695754716981132 0.22291666666666668 0.5636792452830188 0.24583333333333332 0.5648584905660378 0.28125 0.5719339622641509 0.3145833333333333 0.6167452830188679 0.30625 0.6214622641509434 0.29791666666666666 0.6179245283018868 0.23333333333333334 0.6132075471698113 0.21458333333333332 0.5695754716981132 0.22291666666666668
7 0.5541065483490566 0.4276960791666667 0.524278579009434 0.43995098125 0.5201165377358491 0.5147058833333333 0.47225305188679245 0.5134803916666667 0.46809100943396226 0.46200980416666665 0.45768590448113206 0.46323529375 0.47294672641509433 0.5441176479166666 0.5658990011792453 0.5122549020833334 0.5541065483490566 0.4276960791666667