9 0.6014150943396226 0.61875 0.5695754716981132 0.5208333333333334 0.5566037735849056 0.5 0.5201165377358491 0.5269607833333334 0.5589622641509434 0.6583333333333333 0.5672169811320755 0.6645833333333333 0.6014150943396226 0.6333333333333333 0.6014150943396226 0.61875
4 0.49292452830188677 0.6 0.47523584905660377 0.5604166666666667 0.45872641509433965 0.56875 0.4334073254716981 0.5968137250000001 0.4528301886792453 0.6604166666666667 0.46226415094339623 0.6604166666666667 0.49292452830188677 0.625 0.49292452830188677 0.6
9 0.4080188679245283 0.44375 0.4221698113207547 0.43333333333333335 0.48662836320754715 0.3959887354166666 0.47877358490566035 0.3645833333333333 0.4669811320754717 0.32083333333333336 0.44693396226415094 0.31875 0.38207547169811323 0.36666666666666664 0.38207547169811323 0.39166666666666666 0.3938679245283019 0.44166666666666665 0.4080188679245283 0.44375
5 0.5530660377358491 0.30833333333333335 0.5813679245283019 0.30833333333333335 0.5966981132075472 0.31875 0.6285377358490566 0.31875 0.6332547169811321 0.2375 0.6132075471698113 0.22708333333333333 0.5459905660377359 0.21875 0.5412735849056604 0.22916666666666666 0.5389150943396226 0.3020833333333333 0.5495283018867925 0.3020833333333333 0.5530660377358491 0.30833333333333335
6 0.4681603773584906 0.3104166666666667 0.5165094339622641 0.3104166666666667 0.5165094339622641 0.15208333333333332 0.5129716981132075 0.14791666666666667 0.4705188679245283 0.15208333333333332 0.4681603773584906 0.3104166666666667
0 0.43985849056603776 0.5583333333333333 0.46108490566037735 0.5083333333333333 0.46108490566037735 0.4979166666666667 0.44339622641509435 0.46041666666666664 0.4221698113207547 0.45208333333333334 0.39976415094339623 0.5041666666666667 0.39976415094339623 0.5270833333333333 0.42924528301886794 0.5583333333333333 0.43985849056603776 0.5583333333333333
5 0.4964622641509434 0.5666666666666667 0.5082547169811321 0.5666666666666667 0.5176886792452831 0.55 0.5243835176886793 0.5112865854166667 0.4716981132075472 0.4270833333333333 0.4540094339622642 0.4270833333333333 0.43985849056603776 0.45 0.43985849056603776 0.4583333333333333 0.4858490566037736 0.55 0.4964622641509434 0.5666666666666667
7 0.4516509433962264 0.11875 0.4080188679245283 0.18333333333333332 0.4115566037735849 0.20833333333333334 0.43160377358490565 0.25 0.4492924528301887 0.25 0.4669811320754717 0.21875 0.4705188679245283 0.2 0.4705188679245283 0.15416666666666667 0.5 0.14166666666666666 0.4988207547169811 0.12708333333333333 0.47877358490566035 0.08541666666666667 0.4669811320754717 0.08541666666666667 0.4516509433962264 0.11875
8 0.6084905660377359 0.4 0.6132075471698113 0.3229166666666667 0.5837264150943396 0.3104166666666667 0.5235849056603774 0.3020833333333333 0.5212264150943396 0.3854166666666667 0.5625 0.39166666666666666 0.5672169811320755 0.4 0.6084905660377359 0.4
2 0.5801886792452831 0.525 0.5813679245283019 0.45 0.5742924528301887 0.44375 0.535377358490566 0.44375 0.535377358490566 0.5145833333333333 0.5589622641509434 0.49583333333333335 0.5707547169811321 0.525 0.5801886792452831 0.525
1 0.5837264150943396 0.46041666666666664 0.5884433962264151 0.4708333333333333 0.5884433962264151 0.48541666666666666 0.6179245283018868 0.48541666666666666 0.6238207547169812 0.47291666666666665 0.6238207547169812 0.4375 0.6191037735849056 0.41041666666666665 0.6120283018867925 0.40208333333333335 0.5919811320754716 0.40208333333333335 0.5813679245283019 0.41041666666666665 0.5837264150943396 0.46041666666666664
3 0.5412735849056604 0.2 0.5566037735849056 0.21041666666666667 0.5589622641509434 0.21875 0.5813679245283019 0.21875 0.597877358490566 0.16666666666666666 0.5990566037735849 0.14375 0.5660377358490566 0.11041666666666666 0.5589622641509434 0.11041666666666666 0.5518867924528302 0.13958333333333334 0.5389150943396226 0.16875 0.5412735849056604 0.2