4 0.4676634386792453 0.24570326041666668 0.48889357783018866 0.18317127916666667 0.49046615448113207 0.15815852291666666 0.44516507665094335 0.11145833541666667 0.4189128561320755 0.18872964583333335 0.42048543160377355 0.20262564166666666 0.4676634386792453 0.24570326041666668
3 0.4692360754716981 0.30406645625 0.4692360754716981 0.28878082708333336 0.42747639740566035 0.23125000208333332 0.39689642806603775 0.30823524375000005 0.4425018596698113 0.3624295979166667 0.4692360754716981 0.30406645625
0 0.5580879528301886 0.24014484166666666 0.5580879528301886 0.22346963541666665 0.5188679068396226 0.16875000208333332 0.4849620778301887 0.24431362916666668 0.5289948726415095 0.30406645625 0.5580879528301886 0.24014484166666666
7 0.5801045 0.27210562083333334 0.5895399575471698 0.2915600375 0.6760330306603775 0.24014484166666666 0.6862549551886793 0.21235284791666667 0.6752466816037737 0.16510652083333335 0.6634521804245282 0.15676886458333333 0.5768474658018868 0.20694444583333332 0.5651646650943396 0.2415344729166667 0.5753865908018868 0.27210562083333334 0.5801045 0.27210562083333334
9 0.5785318030660377 0.43051999999999996 0.5801045 0.45831199166666664 0.5950440943396227 0.45831199166666664 0.6257097511792452 0.43607841875000003 0.5768474658018868 0.2694444458333333 0.5502249516509434 0.29294961666666663 0.5423619504716981 0.32630002708333333 0.5785318030660377 0.43051999999999996
7 0.6272824469339623 0.43746799791666663 0.6107700966981132 0.4499744145833333 0.5958305023584906 0.5180647645833333 0.6343591002358491 0.54585675625 0.6751179068396227 0.3701388895833333 0.6485125259433963 0.35270244166666664 0.6327865235849057 0.35687123125000003 0.6209920224056603 0.4124552145833333 0.6272824469339623 0.43746799791666663
7 0.5164140825471698 0.45136399375 0.5502249516509434 0.4166240041666667 0.5738139551886792 0.45553278124999996 0.5769591674528302 0.4263512104166667 0.48643866155660376 0.34930555625 0.47945794103773587 0.377715225 0.5242770837264151 0.42079279166666667 0.5164140825471698 0.45136399375
5 0.5887536686320755 0.5764280645833334 0.5918990011792453 0.558363175 0.5808906674528301 0.5069480833333333 0.5439345860849056 0.558363175 0.5321400849056603 0.5347400770833333 0.48250784316037737 0.5628472229166667 0.4912524422169811 0.6153367375 0.5030469445754717 0.6222847354166666 0.5887536686320755 0.5764280645833334
3 0.5470797983490566 0.5500255458333334 0.586394804245283 0.4986104020833333 0.5793180919811322 0.46664956875 0.5493317429245284 0.4204861125 0.5156277936320754 0.4569224125 0.5085510813679245 0.4805455645833333 0.5470797983490566 0.5500255458333334
0 0.5211318714622641 0.41801358125000004 0.4755264398584906 0.37493601458333337 0.4495785719339623 0.4569224125 0.4951839433962264 0.5055584000000001 0.5211318714622641 0.41801358125000004
1 0.4621593620283019 0.4972207708333333 0.4629456497641509 0.483324775 0.41077042216981136 0.4517361125 0.3929649280660377 0.5361295479166667 0.4425018596698113 0.5680903833333333 0.4621593620283019 0.4972207708333333
6 0.5966166698113208 0.57503838125 0.4982311143867924 0.6253472229166667 0.5124825813679246 0.7139982895833333 0.6115565047169811 0.663972725 0.5966166698113208 0.57503838125