9 0.7912735849056604 0.43125 0.8290094339622641 0.3875 0.8290094339622641 0.37916666666666665 0.8195754716981132 0.3541666666666667 0.8054245283018868 0.31666666666666665 0.7971698113207547 0.30416666666666664 0.7912735849056604 0.28958333333333336 0.7818396226415094 0.2604166666666667 0.7617924528301887 0.28125 0.7382075471698113 0.30625 0.7358490566037735 0.3229166666666667 0.7573529410377358 0.3590686270833333 0.7783018867924528 0.42916666666666664 0.7912735849056604 0.43125
3 0.6167452830188679 0.13125 0.6120283018867925 0.11041666666666666 0.5931603773584906 0.06875 0.5790094339622641 0.07916666666666666 0.5731132075471698 0.09375 0.5589622641509434 0.10833333333333334 0.5577830188679245 0.13541666666666666 0.5778301886792453 0.18541666666666667 0.6061320754716981 0.15208333333333332 0.6167452830188679 0.13125
7 0.4528301886792453 0.5666666666666667 0.4705188679245283 0.5875 0.4988207547169811 0.5416666666666666 0.4988207547169811 0.53125 0.47995283018867924 0.5020833333333333 0.4516509433962264 0.44166666666666665 0.44339622641509435 0.43125 0.42924528301886794 0.44166666666666665 0.41037735849056606 0.47291666666666665 0.41037735849056606 0.48541666666666666 0.44339622641509435 0.5479166666666667 0.4528301886792453 0.5666666666666667
8 0.5719339622641509 0.7229166666666667 0.5990566037735849 0.7354166666666667 0.6120283018867925 0.73125 0.6120283018867925 0.70625 0.6167452830188679 0.69375 0.6155660377358491 0.6604166666666667 0.597877358490566 0.65625 0.5566037735849056 0.64375 0.5318396226415094 0.6354166666666666 0.5283018867924528 0.70625 0.5377358490566038 0.7166666666666667 0.5566037735849056 0.7229166666666667 0.5719339622641509 0.7229166666666667
5 0.4716981132075472 0.34375 0.47641509433962265 0.35625 0.5129716981132075 0.34375 0.5176886792452831 0.33541666666666664 0.5129716981132075 0.3125 0.5082547169811321 0.2875 0.5035377358490566 0.25416666666666665 0.4988207547169811 0.22916666666666666 0.49410377358490565 0.1875 0.4507491674528302 0.20710784375 0.4563679245283019 0.25416666666666665 0.46108490566037735 0.28541666666666665 0.4669811320754717 0.31666666666666665 0.4716981132075472 0.34375
7 0.7110849056603774 0.475 0.7122641509433962 0.4583333333333333 0.7240566037735849 0.4479166666666667 0.7275943396226415 0.42916666666666664 0.7393867924528302 0.4125 0.7429245283018868 0.3958333333333333 0.7535377358490566 0.3854166666666667 0.7582547169811321 0.3541666666666667 0.7452830188679245 0.34375 0.7393867924528302 0.33125 0.7264150943396226 0.3375 0.6733490566037735 0.44375 0.6745283018867925 0.46875 0.6886792452830188 0.48541666666666666 0.7040094339622641 0.48541666666666666 0.7110849056603774 0.475
6 0.6110571591981132 0.5707107833333332 0.6039816875 0.46237745 0.6039816875 0.44362745000000003 0.6004439516509434 0.43737745 0.5929522747641509 0.43627451041666665 0.5815760271226414 0.43737745 0.5568118761792453 0.43737745 0.5627081025943396 0.5373774499999999 0.5721420648584905 0.60612745 0.6109877912735849 0.5906862749999999 0.6110571591981132 0.5707107833333332
7 0.5 0.6625 0.45754716981132076 0.6625 0.4563679245283019 0.66875 0.4528301886792453 0.8166666666666667 0.49410377358490565 0.81875 0.4988207547169811 0.78125 0.5 0.6625
9 0.6933962264150944 0.6729166666666667 0.7158018867924528 0.6666666666666666 0.7205188679245284 0.6604166666666667 0.7205188679245284 0.64375 0.7110849056603774 0.5875 0.7063679245283019 0.5625 0.6942286344339622 0.50857843125 0.6780660377358491 0.5104166666666666 0.6560765813679245 0.5306372541666666 0.6650943396226415 0.5854166666666667 0.6839622641509434 0.6604166666666667 0.6933962264150944 0.6729166666666667
2 0.5860849056603774 0.39375 0.5931603773584906 0.36875 0.5683962264150944 0.32916666666666666 0.5554245283018868 0.33125 0.5443951167452831 0.3627450979166667 0.5459905660377359 0.3854166666666667 0.5660377358490566 0.4166666666666667 0.5778301886792453 0.41041666666666665 0.5860849056603774 0.39375
4 0.652122641509434 0.41041666666666665 0.6591981132075472 0.4 0.6745283018867925 0.34375 0.6462264150943396 0.3125 0.6308962264150944 0.32916666666666666 0.6179245283018868 0.3541666666666667 0.6179245283018868 0.375 0.6367924528301887 0.4 0.652122641509434 0.41041666666666665
0 0.6226415094339622 0.4791666666666667 0.6497641509433962 0.42291666666666666 0.6485849056603774 0.41041666666666665 0.6332547169811321 0.39791666666666664 0.6202830188679245 0.375 0.6084905660377359 0.37916666666666665 0.5943396226415094 0.4125 0.5931603773584906 0.44166666666666665 0.5990566037735849 0.44375 0.6025943396226415 0.4666666666666667 0.6226415094339622 0.4791666666666667
0 0.7441037735849056 0.19166666666666668 0.7441037735849056 0.17916666666666667 0.7582547169811321 0.15416666666666667 0.7511792452830188 0.125 0.7358490566037735 0.10906862708333334 0.7028301886792453 0.18125 0.7028301886792453 0.2 0.7169811320754716 0.21666666666666667 0.7311320754716981 0.2125 0.7441037735849056 0.19166666666666668
1 0.6356132075471698 0.3 0.6462264150943396 0.2916666666666667 0.6733490566037735 0.2625 0.6591981132075472 0.2 0.6462264150943396 0.2 0.6273584905660378 0.21875 0.6179245283018868 0.23125 0.6226415094339622 0.2625 0.6297169811320755 0.29791666666666666 0.6356132075471698 0.3
8 0.6144561603773584 0.5931372541666666 0.5818534964622641 0.6066176479166666 0.6512208655660376 0.7169117645833333 0.681742508254717 0.6605392166666667 0.6137624858490567 0.5526960791666667 0.6109877912735849 0.5588235291666667 0.6144561603773584 0.5931372541666666
3 0.6345726969339623 0.3223039208333333 0.5989255766509434 0.2789351854166667 0.5742230849056603 0.3431372541666667 0.6139937110849056 0.39004629583333333 0.6345726969339623 0.3223039208333333