0 0.5683962264150944 0.7645833333333333 0.5577830188679245 0.75625 0.5471698113207547 0.7333333333333333 0.5424528301886793 0.7333333333333333 0.5389150943396226 0.7229166666666667 0.5294811320754716 0.7229166666666667 0.5035377358490566 0.78125 0.5117924528301887 0.80625 0.5424528301886793 0.8458333333333333 0.5471698113207547 0.8458333333333333 0.5566037735849056 0.8125 0.5707547169811321 0.7833333333333333 0.5683962264150944 0.7645833333333333
7 0.35828246344339626 0.70085784375 0.3842258596698113 0.66335784375 0.4030937841981132 0.6362745104166667 0.39719755778301885 0.61335784375 0.3854051049528302 0.5904411770833333 0.3712541615566038 0.5675245104166666 0.36417868985849056 0.5675245104166666 0.3264428408018868 0.6237745104166666 0.3252635955188679 0.63210784375 0.31582963325471697 0.63835784375 0.2863485011792453 0.68210784375 0.2910654823113208 0.7050245104166667 0.31582963325471697 0.7529411770833333 0.3264428408018868 0.7550245104166666 0.35828246344339626 0.70085784375
5 0.6662735849056604 0.5625 0.7028301886792453 0.45416666666666666 0.7004716981132075 0.43333333333333335 0.6780660377358491 0.4083333333333333 0.6768867924528302 0.4 0.6627358490566038 0.4 0.6391509433962265 0.45 0.6214622641509434 0.5 0.6179245283018868 0.5125 0.6191037735849056 0.5270833333333333 0.6485849056603774 0.5729166666666666 0.6568396226415094 0.5729166666666666 0.6662735849056604 0.5625
2 0.6037735849056604 0.43125 0.5825471698113207 0.42291666666666666 0.5813679245283019 0.4166666666666667 0.5613207547169812 0.41458333333333336 0.5507075471698113 0.44375 0.5436320754716981 0.49583333333333335 0.5648584905660378 0.5145833333333333 0.5742924528301887 0.5145833333333333 0.5778301886792453 0.5229166666666667 0.5860849056603774 0.5229166666666667 0.6061320754716981 0.475 0.6061320754716981 0.4395833333333333 0.6037735849056604 0.43125
3 0.6167452830188679 0.5145833333333333 0.6061320754716981 0.5125 0.5825471698113207 0.5729166666666666 0.6132075471698113 0.6145833333333334 0.6273584905660378 0.6166666666666667 0.6450471698113207 0.5729166666666666 0.6450471698113207 0.5583333333333333 0.6367924528301887 0.55625 0.6308962264150944 0.5416666666666666 0.625 0.5395833333333333 0.6167452830188679 0.5145833333333333
6 0.5389150943396226 0.6854166666666667 0.5495283018867925 0.6729166666666667 0.5825471698113207 0.5979166666666667 0.5825471698113207 0.5729166666666666 0.5707547169811321 0.5666666666666667 0.5683962264150944 0.55625 0.5577830188679245 0.55 0.5507075471698113 0.5354166666666667 0.5412735849056604 0.5395833333333333 0.48702830188679247 0.6604166666666667 0.48702830188679247 0.6729166666666667 0.5212264150943396 0.7208333333333333 0.5259433962264151 0.7208333333333333 0.5389150943396226 0.6854166666666667
4 0.6096698113207547 0.8 0.5955188679245284 0.7916666666666666 0.5707547169811321 0.7830882354166667 0.5527192004716981 0.83210784375 0.5527192004716981 0.8664215687500001 0.5672169811320755 0.88125 0.5860849056603774 0.8895833333333333 0.6061320754716981 0.8895833333333333 0.6132075471698113 0.8270833333333333 0.6132075471698113 0.8041666666666667 0.6096698113207547 0.8
2 0.4811320754716981 0.46458333333333335 0.455188679245283 0.46458333333333335 0.44311875707547166 0.4840686270833333 0.4438124304245283 0.5404411770833334 0.5 0.5395833333333333 0.5035377358490566 0.53125 0.5035377358490566 0.475 0.4964622641509434 0.46458333333333335 0.4811320754716981 0.46458333333333335
1 0.652122641509434 0.7645833333333333 0.6356132075471698 0.7645833333333333 0.6132075471698113 0.8 0.6132075471698113 0.83125 0.6391509433962265 0.88125 0.6450471698113207 0.88125 0.6768867924528302 0.8395833333333333 0.6768867924528302 0.825 0.6568396226415094 0.775 0.652122641509434 0.7645833333333333
8 0.41627358490566035 0.8645833333333334 0.4221698113207547 0.8604166666666667 0.45047169811320753 0.7958333333333333 0.46108490566037735 0.7604166666666666 0.47759433962264153 0.7291666666666666 0.47877358490566035 0.7166666666666667 0.4693396226415094 0.6979166666666666 0.45872641509433965 0.6916666666666667 0.44339622641509435 0.6666666666666666 0.4363207547169811 0.6666666666666666 0.4233490566037736 0.6979166666666666 0.4233490566037736 0.70625 0.4115566037735849 0.725 0.4056603773584906 0.7479166666666667 0.38089622641509435 0.8 0.38207547169811323 0.8208333333333333 0.41627358490566035 0.8645833333333334
9 0.42290683962264153 1 0.43985849056603776 0.9895833333333334 0.4528301886792453 0.9729166666666667 0.4893867924528302 0.9479166666666666 0.48702830188679247 0.9166666666666666 0.482311320754717 0.9104166666666667 0.47641509433962265 0.8833333333333333 0.47287735849056606 0.8833333333333333 0.4716981132075472 0.875 0.455188679245283 0.875 0.4339622641509434 0.8895833333333333 0.41037735849056606 0.9083333333333333 0.38797169811320753 0.925 0.38089622641509435 0.9416666666666667 0.38089622641509435 0.9833333333333333 0.38456498938679246 1 0.42290683962264153 1
8 0.33074361792452833 0.75245098125 0.3300499445754717 0.8002450979166666 0.3813817983490566 0.8051470583333333 0.3890122087264151 0.6642156854166666 0.33074361792452833 0.75245098125