6 0.4976402971698113 0.7682756729166667 0.4864386804245283 0.8694444770833333 0.5865222594339623 0.9155234541666667 0.596747579009434 0.8266191 0.5951744705188678 0.8071713625 0.4976402971698113 0.7682756729166667
5 0.7603532936320755 0.6779822104166667 0.7564204646226416 0.6501996062500001 0.7029339646226415 0.5251778875 0.6801235436320755 0.52239966875 0.6564465412735848 0.5569444770833333 0.7147324516509433 0.6946517291666667 0.7367563183962265 0.7071539229166667 0.7603532936320755 0.6779822104166667
4 0.47247018514150946 0.4973952833333334 0.4567388691037736 0.4084909291666667 0.40639864386792457 0.44044096666666666 0.42448968160377354 0.52795610625 0.47247018514150946 0.4973952833333334
3 0.5377551426886793 0.42932788125 0.5078657075471698 0.3570931541666667 0.46678459198113204 0.40590281041666665 0.49685371344339624 0.4807257625 0.5377551426886793 0.42932788125
6 0.2781053466981132 0.27395836458333334 0.3725763195754717 0.3695953458333333 0.39617329481132074 0.30152794583333337 0.39460015683962263 0.2834692104166667 0.3009988266509434 0.19456496041666668 0.2781053466981132 0.27395836458333334
8 0.5404874221698113 0.35902781041666665 0.588881920990566 0.3376450979166667 0.573150603773585 0.15566927291666666 0.5660715000000001 0.14733440625000002 0.5204506875 0.17233879375 0.5404874221698113 0.35902781041666665
5 0.5637118384433962 0.143166975 0.5558461497641509 0.08343454374999999 0.4549921391509434 0.12638892083333333 0.46696421816037736 0.22790400208333333 0.5243835176886793 0.2015106125 0.5180909964622641 0.17650622708333333 0.5637118384433962 0.143166975
7 0.4465135188679245 0.326532225 0.4386478608490566 0.3251431166666666 0.4543791768867924 0.21956913541666667 0.4174105778301887 0.2015106125 0.39209905778301885 0.37291669791666665 0.40325239858490564 0.39737795 0.4339284481132075 0.40988003749999996 0.4465135188679245 0.326532225
6 0.4394344150943396 0.10427149791666666 0.41347774882075466 0.09593663125 0.34099842806603775 0.12291669791666666 0.34268682429245284 0.21540191458333335 0.4111180566037736 0.20984526666666667 0.4386478608490566 0.20289961458333333 0.4394344150943396 0.10427149791666666
4 0.5015731261792452 0.24318451875 0.44965976415094344 0.23068221875 0.4412342771226415 0.32256947708333333 0.49213433018867925 0.3334778770833333 0.5015731261792452 0.24318451875
3 0.4598851438679245 0.17789522916666664 0.4551657311320755 0.07232146041666666 0.4016792606132075 0.0862127625 0.40192610141509433 0.10034725416666666 0.4425806898584906 0.09732584583333333 0.4417941061320755 0.17233879375 0.4598851438679245 0.17789522916666664