7 0.6447280813679246 0.43905185625 0.6733490566037735 0.5 0.6910377358490566 0.5 0.7122641509433962 0.46875 0.7275943396226415 0.44375 0.7594339622641509 0.39375 0.7641509433962265 0.375 0.7323113207547169 0.31666666666666665 0.7193396226415094 0.31875 0.6556603773584906 0.41875 0.6447280813679246 0.43905185625
0 0.6191037735849056 0.5979166666666667 0.6191037735849056 0.58125 0.5884433962264151 0.54375 0.5742924528301887 0.5416666666666666 0.5530660377358491 0.6 0.5530660377358491 0.61875 0.5813679245283019 0.6520833333333333 0.5990566037735849 0.6520833333333333 0.6191037735849056 0.5979166666666667
8 0.330188679245283 0.5604166666666667 0.35023584905660377 0.5604166666666667 0.38207547169811323 0.5416666666666666 0.38207547169811323 0.51875 0.35495283018867924 0.375 0.330188679245283 0.3770833333333333 0.3018867924528302 0.39375 0.3018867924528302 0.4166666666666667 0.32547169811320753 0.55 0.330188679245283 0.5604166666666667
3 0.6143867924528302 0.81875 0.6438679245283019 0.775 0.6450471698113207 0.7625 0.6155660377358491 0.6958333333333333 0.6049528301886793 0.69375 0.5742924528301887 0.7354166666666667 0.5766509433962265 0.7666666666666667 0.6014150943396226 0.81875 0.6143867924528302 0.81875
1 0.5742924528301887 0.125 0.5943396226415094 0.11041666666666666 0.597877358490566 0.1 0.597877358490566 0.07083333333333333 0.5872641509433962 0.010416666666666666 0.5377358490566038 0.027083333333333334 0.5377358490566038 0.058333333333333334 0.5412735849056604 0.09166666666666666 0.5503402134433962 0.1376105375 0.5742924528301887 0.125
3 0.3891509433962264 0.05625 0.4009433962264151 0.09791666666666667 0.41391509433962265 0.13333333333333333 0.4268867924528302 0.13333333333333333 0.42924528301886794 0.125 0.43514150943396224 0.125 0.45754716981132076 0.09791666666666667 0.4563679245283019 0.07916666666666666 0.43514150943396224 0.0020833333333333333 0.4221698113207547 0.0020833333333333333 0.3891509433962264 0.035416666666666666 0.3891509433962264 0.05625
0 0.5133716132075472 0.30048221875 0.5306603773584906 0.20833333333333334 0.5212264150943396 0.19375 0.5 0.17708333333333334 0.482311320754717 0.17291666666666666 0.46462264150943394 0.23541666666666666 0.46462264150943394 0.2604166666666667 0.4846698113207547 0.27708333333333335 0.49292452830188677 0.2833333333333333 0.5133716132075472 0.30048221875
2 0.5094339622641509 0.5583333333333333 0.5165094339622641 0.55 0.5165094339622641 0.5208333333333334 0.5094339622641509 0.46875 0.46462264150943394 0.46875 0.46108490566037735 0.475 0.46462264150943394 0.55 0.4669811320754717 0.5583333333333333 0.5094339622641509 0.5583333333333333
2 0.4080188679245283 0.21875 0.36202830188679247 0.21875 0.36202830188679247 0.30833333333333335 0.36792452830188677 0.3145833333333333 0.41391509433962265 0.3145833333333333 0.41391509433962265 0.225 0.4080188679245283 0.21875
4 0.6273584905660378 0.27708333333333335 0.6438679245283019 0.275 0.6650943396226415 0.20833333333333334 0.6662735849056604 0.1875 0.6297169811320755 0.15208333333333332 0.6202830188679245 0.15208333333333332 0.6014150943396226 0.21666666666666667 0.6014150943396226 0.25 0.6061320754716981 0.25833333333333336 0.6273584905660378 0.27708333333333335
4 0.4705188679245283 0.7020833333333333 0.47404332311320757 0.6627018 0.4260627900943396 0.6460321729166666 0.4221698113207547 0.68125 0.41627358490566035 0.75 0.42924528301886794 0.75 0.4634433962264151 0.7583333333333333 0.4705188679245283 0.7020833333333333
1 0.535377358490566 0.45 0.5766509433962265 0.45 0.5860849056603774 0.44375 0.5872641509433962 0.4125 0.579443154481132 0.34632323958333333 0.5306603773584906 0.3625 0.5306603773584906 0.4166666666666667 0.535377358490566 0.42916666666666664 0.535377358490566 0.45