4 0.6439415507075472 0.44287207500000003 0.6793370117924528 0.48037865416666664 0.6934951757075472 0.4831568729166667 0.7199292441037736 0.40312496875000003 0.676190766509434 0.3567460458333333 0.668325108490566 0.35952426249999997 0.6439415507075472 0.44287207500000003
3 0.6195580224056604 0.4456504 0.6521226403301886 0.37187496875000003 0.6085460884433963 0.31785035625 0.5778700389150944 0.39841995208333336 0.610905779481132 0.4456504 0.6195580224056604 0.4456504
0 0.656526621462264 0.60262205 0.6874999988207547 0.5333333020833334 0.6447281344339623 0.47343300416666667 0.610905779481132 0.5512242749999999 0.6470878254716981 0.60262205 0.656526621462264 0.60262205
7 0.6658805023584905 0.63576385625 0.646301241745283 0.6151242416666667 0.6289968183962265 0.6331829770833333 0.6289968183962265 0.64151795 0.6179848844339623 0.6581872583333334 0.6470878254716981 0.8109916875 0.6628191426886793 0.8290504208333334 0.6895623466981132 0.8096024708333334 0.694281774764151 0.7887655187499999 0.6658805023584905 0.63576385625
9 0.5983207393867924 0.5748394458333334 0.5393283018867925 0.63873951875 0.5235969858490566 0.64151795 0.5235969858490566 0.6679112333333334 0.5361820271226415 0.7220872270833334 0.6305031438679245 0.63576385625 0.6171983301886792 0.5887307479166667 0.5983207393867924 0.5748394458333334
7 0.5810162841981132 0.7345895250000001 0.5495536521226415 0.7137525729166666 0.5353954728773584 0.72486565625 0.5283163691037736 0.6956938375 0.48977466155660376 0.6693005541666667 0.47404334551886795 0.7373677437499999 0.5735062889150944 0.8093749687499999 0.5833759764150943 0.7623721291666666 0.5810162841981132 0.7345895250000001
7 0.5448342688679245 0.5428895145833333 0.5275298148584906 0.5289982125 0.5471939599056604 0.5887307479166667 0.5251701238207547 0.6304046541666666 0.5416879941037737 0.6359611958333333 0.585298741745283 0.47604163541666666 0.5692177971698114 0.4637090291666667 0.5448342688679245 0.5428895145833333
5 0.43471505424528306 0.48454598125000004 0.4307822252358491 0.5053829354166667 0.45673883136792454 0.6567981479166666 0.46696424056603775 0.6623549020833334 0.49606712264150943 0.6429068458333334 0.46696424056603775 0.57761776875 0.4803358054245283 0.5567808166666667 0.464426100235849 0.46909718958333335 0.43471505424528306 0.48454598125000004
3 0.4716836533018868 0.5831743104166667 0.5007865648584906 0.6526308208333333 0.5188776025943397 0.6401286291666667 0.5450078608490566 0.5871527458333333 0.5243835400943396 0.5276091020833333 0.5110119445754717 0.5151069104166667 0.4716836533018868 0.5831743104166667
0 0.5243835400943396 0.41092214374999997 0.4968537358490566 0.49149163333333334 0.5464074068396226 0.5373329729166667 0.5707909351415095 0.4567633770833333 0.5243835400943396 0.41092214374999997
1 0.5094388066037736 0.43453731458333333 0.5273191816037736 0.34236107916666664 0.47954931250000005 0.31090470625 0.46145827358490565 0.39841995208333336 0.5015731485849056 0.43314820625 0.5094388066037736 0.43453731458333333
6 0.37886889268867924 0.5220525604166667 0.40718525 0.6970831583333333 0.45752544457547173 0.6706894499999999 0.429048741745283 0.49687496875000003 0.37886889268867924 0.5220525604166667