9 0.7677580471698112 0.3872549020833333 0.7547169811320755 0.36666666666666664 0.7330743620283019 0.3247549020833333 0.714622641509434 0.3541666666666667 0.6733490566037735 0.4166666666666667 0.6591981132075472 0.44166666666666665 0.6591981132075472 0.46875 0.6804245283018868 0.5041666666666667 0.6957547169811321 0.5104166666666666 0.7677580471698112 0.3872549020833333
5 0.5082547169811321 0.70625 0.535377358490566 0.6791666666666667 0.5471698113207547 0.65625 0.527122641509434 0.6 0.5176886792452831 0.5916666666666667 0.4846698113207547 0.6354166666666666 0.47759433962264153 0.6354166666666666 0.45047169811320753 0.675 0.44221698113207547 0.6791666666666667 0.4386792452830189 0.69375 0.46226415094339623 0.7541666666666667 0.4705188679245283 0.75625 0.5082547169811321 0.70625
4 0.5483490566037735 0.18958333333333333 0.5648584905660378 0.125 0.5648584905660378 0.1 0.5365566037735849 0.075 0.5235849056603774 0.07291666666666667 0.5141509433962265 0.09791666666666667 0.5082547169811321 0.11666666666666667 0.5047169811320755 0.13125 0.5047169811320755 0.16666666666666666 0.535377358490566 0.19166666666666668 0.5483490566037735 0.18958333333333333
0 0.6025943396226415 0.35 0.6084905660377359 0.2916666666666667 0.5813679245283019 0.28125 0.5790094339622641 0.275 0.5613207547169812 0.27291666666666664 0.5613207547169812 0.2833333333333333 0.5554245283018868 0.29583333333333334 0.5518867924528302 0.31666666666666665 0.5507075471698113 0.3625 0.5908018867924528 0.3854166666666667 0.597877358490566 0.3729166666666667 0.6025943396226415 0.35
6 0.6096698113207547 0.30625 0.6179245283018868 0.3333333333333333 0.6226415094339622 0.3854166666666667 0.6273584905660378 0.39375 0.6450471698113207 0.39166666666666666 0.6674528301886793 0.37916666666666665 0.6768867924528302 0.36666666666666664 0.6544811320754716 0.21875 0.6497641509433962 0.20416666666666666 0.6320754716981132 0.20416666666666666 0.6025943396226415 0.22291666666666668 0.6037735849056604 0.26875 0.6084905660377359 0.29791666666666666 0.6096698113207547 0.30625
8 0.589622641509434 0.53125 0.5884433962264151 0.55 0.6025943396226415 0.56875 0.6025943396226415 0.59375 0.625 0.6 0.6415094339622641 0.5854166666666667 0.6462264150943396 0.575 0.6438679245283019 0.55625 0.6308962264150944 0.5125 0.6214622641509434 0.48125 0.6025943396226415 0.425 0.5943396226415094 0.4166666666666667 0.5872641509433962 0.42916666666666664 0.5707547169811321 0.44166666666666665 0.5672169811320755 0.4791666666666667 0.5778301886792453 0.49166666666666664 0.5790094339622641 0.51875 0.589622641509434 0.53125
1 0.4540094339622642 0.2791666666666667 0.4563679245283019 0.175 0.4516509433962264 0.16875 0.42452830188679247 0.16875 0.419811320754717 0.18125 0.419811320754717 0.2604166666666667 0.42452830188679247 0.27291666666666664 0.43278301886792453 0.2791666666666667 0.4540094339622642 0.2791666666666667
2 0.25707547169811323 0.36875 0.28891509433962265 0.31666666666666665 0.27712264150943394 0.28541666666666665 0.267688679245283 0.26875 0.2535377358490566 0.24375 0.24528301886792453 0.24375 0.22995283018867924 0.26875 0.2169811320754717 0.2916666666666667 0.2169811320754717 0.3104166666666667 0.25 0.36666666666666664 0.25707547169811323 0.36875
7 0.3681326308962264 0.4708333333333333 0.3787458384433962 0.5041666666666667 0.39171753655660374 0.5479166666666667 0.3976137629716981 0.5604166666666667 0.40586847995283015 0.5604166666666667 0.41884017806603774 0.5465686270833333 0.40912874528301885 0.54289215625 0.40586847995283015 0.5166666666666667 0.40704772523584903 0.4583333333333333 0.4164816875 0.45416666666666666 0.41766093278301886 0.44166666666666665 0.3964345176886792 0.375 0.3752081025943396 0.3854166666666667 0.3622364044811321 0.4041666666666667 0.35516093278301886 0.40625 0.35516093278301886 0.42916666666666664 0.3681326308962264 0.4708333333333333
6 0.5082547169811321 0.5354166666666667 0.5082547169811321 0.4875 0.5082547169811321 0.4625 0.47995283018867924 0.45625 0.4056603773584906 0.45625 0.40635405070754715 0.5441176479166666 0.5082547169811321 0.5541666666666667 0.5082547169811321 0.5354166666666667
3 0.49174528301886794 0.33541666666666664 0.5106132075471698 0.34375 0.5318396226415094 0.2791666666666667 0.5318396226415094 0.25416666666666665 0.5106132075471698 0.23125 0.49528301886792453 0.2375 0.49056603773584906 0.25 0.4893867924528302 0.27291666666666664 0.47995283018867924 0.28125 0.47995283018867924 0.3125 0.49174528301886794 0.33541666666666664
3 0.3761792452830189 0.3854166666666667 0.39504716981132076 0.3729166666666667 0.3903301886792453 0.29375 0.3856132075471698 0.28541666666666665 0.3490566037735849 0.2916666666666667 0.3384433962264151 0.3 0.3431603773584906 0.3770833333333333 0.3561320754716981 0.3875 0.3761792452830189 0.3854166666666667
7 0.5083240849056604 0.46446078333333335 0.5076304103773586 0.5490196083333333 0.4784961155660377 0.5563725500000001 0.47918978891509434 0.5747549020833334 0.5249722535377358 0.5477941166666667 0.5069367370283019 0.38357843125 0.4590732523584906 0.40441176458333333 0.46600998938679244 0.45710784375 0.5083240849056604 0.46446078333333335