6 0.3261294174528302 0.6681415645833333 0.34814584551886796 0.49583119166666667 0.2908804846698113 0.47604166875 0.26479804481132074 0.6528559916666666 0.3151212641509434 0.6709207229166666 0.3261294174528302 0.6681415645833333
5 0.4149813549528302 0.9530094874999999 0.4857483655660377 0.8585166708333334 0.48732094221698113 0.8182182604166666 0.4677672771226415 0.7763888895833334 0.3898197759433962 0.8793606645833333 0.3827430625 0.9182694958333334 0.3992553525943396 0.9599574854166666 0.4149813549528302 0.9530094874999999
4 0.5337126603773585 0.33463760416666666 0.48417578891509433 0.36659843750000004 0.5014743679245284 0.45136399375 0.551797587264151 0.42357200208333334 0.5337126603773585 0.33463760416666666
3 0.5532625601415094 0.4413194458333333 0.510909945754717 0.4944415604166667 0.5400030860849057 0.5667007520833334 0.5808906674528301 0.5138960833333334 0.5532625601415094 0.4413194458333333
6 0.672887758254717 0.14843126041666668 0.627948095518868 0.1079861125 0.5738139551886792 0.27488483124999996 0.6123426721698113 0.3165728208333333 0.6225645978773585 0.3137936104166667 0.672887758254717 0.14843126041666668
8 0.6854686073113208 0.5361295479166667 0.579795579009434 0.5715277791666666 0.5918990011792453 0.6570247270833334 0.6949041851415094 0.6292327333333334 0.6996220341981132 0.6167263166666667 0.6854686073113208 0.5361295479166667
5 0.7019809575471698 0.61255758125 0.7357917676886793 0.59866153125 0.7114779693396226 0.4204861125 0.6540166025943397 0.4416367854166667 0.6689562570754717 0.5430775479166667 0.6831096827830189 0.5319607604166666 0.7019809575471698 0.61255758125
7 0.5989755943396227 0.39161122083333333 0.6587344516509434 0.4194032125 0.6689562570754717 0.3540920208333333 0.5719339445754716 0.30937500208333335 0.5580879528301886 0.3290792375 0.5510112995283019 0.3832735916666667 0.5981893066037736 0.40550721666666667 0.5989755943396227 0.39161122083333333
6 0.7239972653301887 0.39300080000000004 0.7287151143867925 0.3471440229166667 0.7134433785377359 0.21909722291666667 0.6610932558962264 0.22208005625 0.6642385283018868 0.3429752333333333 0.6681700294811321 0.39161122083333333 0.7239972653301887 0.39300080000000004
4 0.6004323714622641 0.39618055625 0.5942578054245283 0.4861039833333333 0.6453672535377358 0.5027791895833333 0.6524440271226415 0.4110655833333333 0.6004323714622641 0.39618055625
3 0.6823234551886792 0.42913042083333336 0.7420821922169811 0.42079279166666667 0.7342191910377359 0.32630002708333333 0.7262185353773585 0.3267361125 0.7279287665094339 0.39855921875 0.6854686073113208 0.3971695875 0.6823234551886792 0.42913042083333336