0 0.6591981132075472 0.49375 0.6733490566037735 0.4791666666666667 0.6957547169811321 0.425 0.6957547169811321 0.4166666666666667 0.6768867924528302 0.4 0.660377358490566 0.375 0.6497641509433962 0.37916666666666665 0.6450471698113207 0.39791666666666664 0.6320754716981132 0.4166666666666667 0.6320754716981132 0.425 0.6261792452830188 0.43125 0.6261792452830188 0.4479166666666667 0.6591981132075472 0.49375
7 0.574778024764151 0.80870098125 0.5783157606132076 0.8253676479166666 0.6030799115566038 0.87745098125 0.6160516096698112 0.8691176479166667 0.6431742511792452 0.8253676479166666 0.6443534964622641 0.8066176479166667 0.6136931191037736 0.7503676479166667 0.592466704009434 0.7045343145833333 0.5771365153301887 0.6712009812499999 0.5641648172169811 0.6816176479166667 0.5511931191037736 0.7024509812499999 0.538221420990566 0.72745098125 0.538221420990566 0.73995098125 0.5700610436320754 0.8066176479166667 0.574778024764151 0.80870098125
5 0.4716981132075472 0.25416666666666665 0.5 0.28541666666666665 0.5070754716981132 0.2916666666666667 0.5153301886792453 0.28958333333333336 0.5412735849056604 0.2375 0.5412735849056604 0.22291666666666668 0.535377358490566 0.20625 0.4740566037735849 0.14166666666666666 0.46226415094339623 0.14583333333333334 0.4481132075471698 0.18541666666666667 0.44339622641509435 0.1875 0.44339622641509435 0.2125 0.4716981132075472 0.25416666666666665
2 0.5082547169811321 0.3854166666666667 0.5082547169811321 0.36875 0.5129716981132075 0.3625 0.5129716981132075 0.34791666666666665 0.4858490566037736 0.3125 0.4658018867924528 0.3125 0.46108490566037735 0.31666666666666665 0.4563679245283019 0.3541666666666667 0.4528301886792453 0.35625 0.4516509433962264 0.39166666666666666 0.4681603773584906 0.41041666666666665 0.49764150943396224 0.42291666666666666 0.5082547169811321 0.3854166666666667
3 0.5660377358490566 0.275 0.5412735849056604 0.24375 0.5330188679245284 0.24375 0.5318396226415094 0.25833333333333336 0.5235849056603774 0.26875 0.5224056603773585 0.2791666666666667 0.5082547169811321 0.29375 0.5070754716981132 0.3125 0.5412735849056604 0.3541666666666667 0.5648584905660378 0.3 0.5660377358490566 0.275
6 0.5200471698113207 0.41041666666666665 0.5224056603773585 0.4270833333333333 0.5908018867924528 0.5229166666666667 0.597877358490566 0.5229166666666667 0.625 0.4625 0.625 0.45416666666666666 0.6049528301886793 0.43125 0.597877358490566 0.4125 0.5554245283018868 0.3541666666666667 0.5412735849056604 0.3541666666666667 0.5377358490566038 0.375 0.5318396226415094 0.37916666666666665 0.5283018867924528 0.39791666666666664 0.5200471698113207 0.41041666666666665
4 0.7074084351415094 0.4068627458333333 0.7158018867924528 0.38125 0.7205188679245284 0.34791666666666665 0.7205188679245284 0.3125 0.6851415094339622 0.3 0.6721698113207547 0.3 0.6698113207547169 0.30625 0.6650943396226415 0.33125 0.6602386238207547 0.375 0.6879855719339621 0.4068627458333333 0.7074084351415094 0.4068627458333333
2 0.490982241745283 0.6004901958333334 0.5228912323113207 0.5992647062500001 0.5224056603773585 0.5 0.5176886792452831 0.49375 0.4858490566037736 0.49375 0.47995283018867924 0.50625 0.47995283018867924 0.5333333333333333 0.47995283018867924 0.5791666666666667 0.490982241745283 0.6004901958333334
1 0.6875 0.3 0.7158018867924528 0.25416666666666665 0.7158018867924528 0.24375 0.6922169811320755 0.1875 0.6839622641509434 0.1875 0.6556603773584906 0.22291666666666668 0.6497641509433962 0.23125 0.6497641509433962 0.2604166666666667 0.6698113207547169 0.3 0.6875 0.3
8 0.6120283018867925 0.6354166666666666 0.6167452830188679 0.6354166666666666 0.6273584905660378 0.65625 0.6403301886792453 0.6666666666666666 0.6698113207547169 0.7104166666666667 0.6816037735849056 0.7083333333333334 0.7063679245283019 0.6479166666666667 0.7040094339622641 0.6375 0.6674528301886793 0.5875 0.6474056603773585 0.56875 0.6297169811320755 0.5395833333333333 0.6226415094339622 0.5375 0.6120283018867925 0.5541666666666667 0.6084905660377359 0.5729166666666666 0.5943396226415094 0.6 0.5943396226415094 0.6125 0.6120283018867925 0.6354166666666666
9 0.7205188679245284 0.6166666666666667 0.7311320754716981 0.6583333333333333 0.7405660377358491 0.6979166666666666 0.75 0.7104166666666667 0.7735849056603774 0.7104166666666667 0.7948113207547169 0.6958333333333333 0.7959905660377359 0.6791666666666667 0.7865566037735849 0.6541666666666667 0.777122641509434 0.60625 0.7676886792452831 0.5833333333333334 0.7535377358490566 0.51875 0.7358490566037735 0.5229166666666667 0.7323113207547169 0.53125 0.7169811320754716 0.5416666666666666 0.7169811320754716 0.5479166666666667 0.7122641509433962 0.55 0.7122641509433962 0.5791666666666667 0.7205188679245284 0.6166666666666667
8 0.67272475 0.7095588229166666 0.5929522747641509 0.6960784312499999 0.6428967818396226 0.7990196083333333 0.6699500554245283 0.8002450979166666 0.67272475 0.7095588229166666