9 0.4882075471698113 0.6229166666666667 0.5 0.6 0.48473917924528304 0.5355392166666667 0.41037735849056606 0.6041666666666666 0.4068396226415094 0.61875 0.42452830188679247 0.6791666666666667 0.43278301886792453 0.6791666666666667 0.4882075471698113 0.6229166666666667
4 0.4658018867924528 0.45625 0.46108490566037735 0.4270833333333333 0.4451997783018868 0.38235294166666667 0.4091981132075472 0.4166666666666667 0.4091981132075472 0.43333333333333335 0.42924528301886794 0.4875 0.44339622641509435 0.4875 0.4658018867924528 0.45625
9 0.5766509433962265 0.4625 0.6014150943396226 0.44166666666666665 0.6025943396226415 0.40625 0.5754716981132075 0.2916666666666667 0.5613207547169812 0.2916666666666667 0.5330188679245284 0.3125 0.5318396226415094 0.3375 0.5377358490566038 0.3625 0.5588743007075472 0.47637677500000003 0.5766509433962265 0.4625
5 0.6485849056603774 0.7354166666666667 0.6544811320754716 0.7 0.6591981132075472 0.58125 0.6533018867924528 0.5729166666666666 0.6120283018867925 0.56875 0.6120283018867925 0.5875 0.6084905660377359 0.59375 0.6084905660377359 0.64375 0.6025943396226415 0.6708333333333333 0.6025943396226415 0.7270833333333333 0.6485849056603774 0.7354166666666667
6 0.6969339622641509 0.4479166666666667 0.6073113207547169 0.44375 0.6073113207547169 0.5291666666666667 0.6969339622641509 0.5291666666666667 0.6992924528301887 0.5229166666666667 0.6969339622641509 0.4479166666666667
0 0.5011792452830188 0.43125 0.5224056603773585 0.4 0.527122641509434 0.3625 0.49764150943396224 0.3229166666666667 0.4846698113207547 0.3229166666666667 0.4669811320754717 0.375 0.4669811320754717 0.39375 0.49528301886792453 0.43125 0.5011792452830188 0.43125
5 0.49361136674528305 0.5430775479166667 0.5412735849056604 0.45 0.5412735849056604 0.41875 0.5283018867924528 0.39375 0.5235849056603774 0.39375 0.4716981132075472 0.475 0.46226415094339623 0.49375 0.46226415094339623 0.5145833333333333 0.4716981132075472 0.53125 0.49361136674528305 0.5430775479166667
7 0.6698113207547169 0.4479166666666667 0.6957547169811321 0.4479166666666667 0.7028301886792453 0.5 0.7110849056603774 0.4979166666666667 0.7346698113207547 0.4625 0.7346698113207547 0.44166666666666665 0.7158018867924528 0.41458333333333336 0.6792452830188679 0.3375 0.6650943396226415 0.34375 0.6415094339622641 0.37916666666666665 0.6415094339622641 0.41041666666666665 0.6591981132075472 0.44166666666666665 0.6698113207547169 0.4479166666666667
8 0.6002358490566038 0.7 0.6073113207547169 0.6479166666666667 0.6120283018867925 0.5416666666666666 0.5648584905660378 0.5375 0.5613207547169812 0.6104166666666667 0.5566037735849056 0.61875 0.5566037735849056 0.6916666666666667 0.6002358490566038 0.7
2 0.5283018867924528 0.64375 0.5318396226415094 0.63125 0.5318396226415094 0.5625 0.49174528301886794 0.5625 0.5023584905660378 0.6041666666666666 0.4858490566037736 0.625 0.4858490566037736 0.6416666666666667 0.5283018867924528 0.64375
1 0.5153301886792453 0.71875 0.535377358490566 0.71875 0.5507075471698113 0.7104166666666667 0.5554245283018868 0.6979166666666666 0.5554245283018868 0.6625 0.5507075471698113 0.64375 0.5224056603773585 0.6479166666666667 0.5165094339622641 0.65625 0.5082547169811321 0.65625 0.5082547169811321 0.7083333333333334 0.5153301886792453 0.71875
3 0.6886792452830188 0.6729166666666667 0.7016509433962265 0.675 0.7205188679245284 0.6166666666666667 0.7205188679245284 0.6041666666666666 0.7040094339622641 0.5916666666666667 0.6875 0.56875 0.6698113207547169 0.5729166666666666 0.6639150943396226 0.6 0.6591981132075472 0.6041666666666666 0.6591981132075472 0.64375 0.6886792452830188 0.6729166666666667